,ENSMFAT00000049020_ENSMFAG00000015538,ENSMNET00000056005_ENSMNEG00000039198,ENSTGET00000025145_ENSTGEG00000017003,ENSCSAT00000018159_ENSCSAG00000000376,ENSRROT00000047039_ENSRROG00000035284,ENSRBIT00000000467_ENSRBIG00000000433
ENSMFAT00000049020_ENSMFAG00000015538,1.0,0.67,1.0,0.47,0.48,0.46
ENSMNET00000056005_ENSMNEG00000039198,0.67,1.0,0.67,0.42,0.57,0.57
ENSTGET00000025145_ENSTGEG00000017003,1.0,0.67,1.0,0.47,0.48,0.46
ENSCSAT00000018159_ENSCSAG00000000376,0.47,0.42,0.47,1.0,0.5,0.47
ENSRROT00000047039_ENSRROG00000035284,0.48,0.57,0.48,0.5,1.0,0.85
ENSRBIT00000000467_ENSRBIG00000000433,0.46,0.57,0.46,0.47,0.85,1.0
