,ENSPTET00000018416_ENSPTEG00000013750,ENSPTET00000040042_ENSPTEG00000028293,ENSPTET00000040960_ENSPTEG00000028877,ENSPTET00000013928_ENSPTEG00000010387,ENSCSAVT00000016031_ENSCSAVG00000009321,ENSCSAVT00000016032_ENSCSAVG00000009321,ENSCSAVT00000016033_ENSCSAVG00000009321,FBtr0083148_FBgn0038345
ENSPTET00000018416_ENSPTEG00000013750,1.0,0.49,0.43,0.45,0.24,0.25,0.3,0.46
ENSPTET00000040042_ENSPTEG00000028293,0.49,1.0,0.45,0.48,0.15,0.18,0.23,0.42
ENSPTET00000040960_ENSPTEG00000028877,0.43,0.45,1.0,0.67,0.21,0.23,0.28,0.58
ENSPTET00000013928_ENSPTEG00000010387,0.45,0.48,0.67,1.0,0.14,0.17,0.22,0.54
ENSCSAVT00000016031_ENSCSAVG00000009321,0.24,0.15,0.21,0.14,1.0,0.43,0.32,0.28
ENSCSAVT00000016032_ENSCSAVG00000009321,0.25,0.18,0.23,0.17,0.43,1.0,0.57,0.3
ENSCSAVT00000016033_ENSCSAVG00000009321,0.3,0.23,0.28,0.22,0.32,0.57,1.0,0.35
FBtr0083148_FBgn0038345,0.46,0.42,0.58,0.54,0.28,0.3,0.35,1.0
