,ENST00000369230,ENSNLET00000020908,ENSPPYT00000003236,ENSPTET00000053491,ENSPTRT00000057342,ENSGGOT00000030128
ENST00000369230,1.0,0.9843304843304843,0.9829059829059829,0.9764957264957265,0.9943019943019943,0.9935897435897436
ENSNLET00000020908,0.9843304843304843,1.0,0.9814814814814815,0.9764957264957265,0.9857549857549858,0.9864672364672364
ENSPPYT00000003236,0.9829059829059829,0.9814814814814815,1.0,0.9764957264957265,0.9843304843304843,0.9850427350427351
ENSPTET00000053491,0.9764957264957265,0.9764957264957265,0.9764957264957265,1.0,0.9764957264957265,0.9772079772079773
ENSPTRT00000057342,0.9943019943019943,0.9857549857549858,0.9843304843304843,0.9764957264957265,1.0,0.9950142450142451
ENSGGOT00000030128,0.9935897435897436,0.9864672364672364,0.9850427350427351,0.9772079772079773,0.9950142450142451,1.0
