,ENSPTET00000040960,ENSCSAVT00000016032,ENSCSAVT00000016033,ENSCSAVT00000016031,ENSPTET00000040042,ENSPTET00000013928,FBtr0083148,ENSPTET00000018416
ENSPTET00000040960,1.0,0.4635449402891263,0.5647391577624136,0.4154619736015085,0.6533626649905719,0.8397234443746072,0.6615336266499057,0.6002514142049026
ENSCSAVT00000016032,0.4635449402891263,1.0,0.8959773727215588,0.6417347580138277,0.3516656191074796,0.3318667504714017,0.592394720301697,0.5050282840980516
ENSCSAVT00000016033,0.5647391577624136,0.8959773727215588,1.0,0.6332495285983658,0.4522313010685104,0.43306096794468885,0.6935889377749843,0.5983658076681333
ENSCSAVT00000016031,0.4154619736015085,0.6417347580138277,0.6332495285983658,1.0,0.3079824010056569,0.2825267127592709,0.559710873664362,0.4767441860465116
ENSPTET00000040042,0.6533626649905719,0.3516656191074796,0.4522313010685104,0.3079824010056569,1.0,0.7011313639220615,0.5804525455688246,0.8048397234443746
ENSPTET00000013928,0.8397234443746072,0.3318667504714017,0.43306096794468885,0.2825267127592709,0.7011313639220615,1.0,0.57950974230044,0.6489629164047769
FBtr0083148,0.6615336266499057,0.592394720301697,0.6935889377749843,0.559710873664362,0.5804525455688246,0.57950974230044,1.0,0.6788183532369579
ENSPTET00000018416,0.6002514142049026,0.5050282840980516,0.5983658076681333,0.4767441860465116,0.8048397234443746,0.6489629164047769,0.6788183532369579,1.0
