	ENSCSAT00000018159	ENSMNET00000056005	ENSRROT00000047039	ENSRBIT00000000467	ENSTGET00000025145	ENSMFAT00000049020
ENSCSAT00000018159	1.0	0.6744791666666666	0.7408854166666666	0.6953125	0.6966145833333334	0.6966145833333334
ENSMNET00000056005	0.6744791666666666	1.0	0.8098958333333334	0.8033854166666666	0.8424479166666666	0.84375
ENSRROT00000047039	0.7408854166666666	0.8098958333333334	1.0	0.9505208333333334	0.7916666666666666	0.7903645833333334
ENSRBIT00000000467	0.6953125	0.8033854166666666	0.9505208333333334	1.0	0.74609375	0.7447916666666666
ENSTGET00000025145	0.6966145833333334	0.8424479166666666	0.7916666666666666	0.74609375	1.0	0.99609375
ENSMFAT00000049020	0.6966145833333334	0.84375	0.7903645833333334	0.7447916666666666	0.99609375	1.0
