	ENST00000369230	ENSNLET00000020908	ENSPPYT00000003236	ENSPTET00000053491	ENSPTRT00000057342	ENSGGOT00000030128
ENST00000369230	1.0	0.9843304843304844	0.9829059829059827	0.9764957264957264	0.9943019943019944	0.9935897435897436
ENSNLET00000020908	0.9843304843304844	1.0	0.9814814814814816	0.9764957264957264	0.9857549857549858	0.9864672364672364
ENSPPYT00000003236	0.9829059829059827	0.9814814814814816	1.0	0.9764957264957264	0.9843304843304844	0.9850427350427352
ENSPTET00000053491	0.9764957264957264	0.9764957264957264	0.9764957264957264	1.0	0.9764957264957264	0.9772079772079773
ENSPTRT00000057342	0.9943019943019944	0.9857549857549858	0.9843304843304844	0.9764957264957264	1.0	0.9950142450142452
ENSGGOT00000030128	0.9935897435897436	0.9864672364672364	0.9850427350427352	0.9772079772079773	0.9950142450142452	1.0
