,ENSSFOT00015017878,ENSPMAT00000000755,ENSSFOT00015021975,ENSSFOT00015021966,ENSEBUT00000003803,ENSEBUT00000003826,ENSPKIT00000030168
ENSSFOT00015017878,1.0,0.6181192660550459,0.5779816513761468,0.6743119266055045,0.5080275229357798,0.591743119266055,0.680045871559633
ENSPMAT00000000755,0.6181192660550459,1.0,0.7201834862385321,0.8096330275229358,0.7190366972477065,0.8027522935779816,0.7981651376146789
ENSSFOT00015021975,0.5779816513761468,0.7201834862385321,1.0,0.8830275229357798,0.6112385321100917,0.6972477064220184,0.7557339449541285
ENSSFOT00015021966,0.6743119266055045,0.8096330275229358,0.8830275229357798,1.0,0.7075688073394495,0.7935779816513762,0.8543577981651376
ENSEBUT00000003803,0.5080275229357798,0.7190366972477065,0.6112385321100917,0.7075688073394495,1.0,0.8612385321100917,0.6995412844036697
ENSEBUT00000003826,0.591743119266055,0.8027522935779816,0.6972477064220184,0.7935779816513762,0.8612385321100917,1.0,0.7809633027522935
ENSPKIT00000030168,0.680045871559633,0.7981651376146789,0.7557339449541285,0.8543577981651376,0.6995412844036697,0.7809633027522935,1.0
